1.000000  1.000000  1.000000  1.000000  1.000000  1.000000  1.000000  1.000000  1.000000  1.000000  1.000000  1.000000  1.000000  1.000000  1.000000  1.000000  1.000000  1.000000  1.000000  1.000000  1.000000  1.000000  1.000000  1.000000  1.000000  1.000000  1.000000  1.000000  1.000000  1.000000  1.000000  1.000000  1.000000  1.000000  1.000000  1.000000  1.000000  1.000000  1.000000  1.000000  1.000000  1.000000  1.000000  1.000000  1.000000  1.000000  1.000000  1.000000  1.000000  1.000000  1.000000  1.000000  1.000000  1.000000  1.000000  1.000000  1.000000  1.000000  1.000000  1.000000  1.000000  1.000000  1.000000  1.000000  1.000000  1.000000  1.000000  1.000000  1.000000  1.000000  1.000000  1.000000  1.000000  1.000000  1.000000  1.000000  1.000000  1.000000  1.000000  1.000000  1.000000  1.000000  1.000000  1.000000  1.000000  1.000000  1.000000  1.000000  1.000000  1.000000  1.000000  1.000000  1.000000  1.000000  1.000000  1.000000  1.000000  1.000000  1.000000  1.000000  
1.000000  0.980207  0.960903  0.942732  0.926575  0.913491  0.904509  0.900303  0.900859  0.905273  0.911805  0.918248  0.922520  0.923276  0.920299  0.914475  0.907378  0.900634  0.895376  0.891997  0.890269  0.889678  0.889755  0.890244  0.891080  0.892281  0.893846  0.895728  0.897861  0.900182  0.902647  0.905218  0.907860  0.910536  0.913211  0.915856  0.918443  0.920946  0.923343  0.925613  0.927740  0.929706  0.931500  0.933108  0.934521  0.935731  0.936730  0.937514  0.938078  0.938420  0.938537  0.938430  0.938099  0.937545  0.936771  0.935783  0.934584  0.933183  0.931588  0.929809  0.927857  0.925746  0.923494  0.921117  0.918636  0.916075  0.913458  0.910817  0.908183  0.905588  0.903065  0.900656  0.898422  0.896429  0.894722  0.893303  0.892158  0.891355  0.891157  0.892040  0.894527  0.898856  0.904645  0.910777  0.915638  0.917669  0.915998  0.910855  0.903595  0.896304  0.891184  0.889958  0.893498  0.901764  0.914013  0.929141  0.946029  0.963786  0.981858  1.000000  
1.000000  0.960903  0.922799  0.886987  0.855222  0.829602  0.812154  0.804200  0.805706  0.814882  0.828303  0.841625  0.850741  0.852989  0.847901  0.837175  0.823860  0.811135  0.801228  0.794943  0.791867  0.791014  0.791464  0.792698  0.794573  0.797108  0.800298  0.804060  0.808265  0.812796  0.817569  0.822515  0.827568  0.832663  0.837735  0.842731  0.847602  0.852302  0.856793  0.861038  0.865007  0.868671  0.872008  0.874997  0.877621  0.879865  0.881718  0.883171  0.884216  0.884849  0.885067  0.884869  0.884256  0.883231  0.881800  0.879969  0.877747  0.875148  0.872185  0.868876  0.865241  0.861306  0.857097  0.852646  0.847991  0.843171  0.838232  0.833229  0.828220  0.823262  0.818417  0.813764  0.809414  0.805492  0.802082  0.799188  0.796794  0.795049  0.794481  0.796022  0.800672  0.808863  0.819811  0.831309  0.840207  0.843480  0.839456  0.828625  0.813670  0.798702  0.788058  0.785130  0.791642  0.807528  0.831332  0.860882  0.893965  0.928817  0.964331  1.000000  
1.000000  0.942732  0.886987  0.834725  0.788560  0.751580  0.726753  0.715992  0.719222  0.733812  0.754753  0.775700  0.790646  0.795660  0.789973  0.775950  0.757938  0.740514  0.726946  0.718476  0.714592  0.713919  0.715129  0.717435  0.720583  0.724570  0.729384  0.734912  0.740982  0.747436  0.754156  0.761052  0.768037  0.775029  0.781948  0.788725  0.795300  0.801619  0.807633  0.813300  0.818583  0.823448  0.827869  0.831822  0.835287  0.838246  0.840688  0.842601  0.843977  0.844810  0.845099  0.844840  0.844037  0.842692  0.840811  0.838403  0.835477  0.832049  0.828136  0.823756  0.818936  0.813703  0.808091  0.802138  0.795888  0.789390  0.782702  0.775891  0.769029  0.762192  0.755459  0.748938  0.742780  0.737147  0.732151  0.727800  0.724098  0.721302  0.720207  0.722150  0.728525  0.739861  0.754938  0.770517  0.782049  0.785221  0.777700  0.760282  0.736924  0.713638  0.696756  0.691237  0.699620  0.721834  0.755774  0.798271  0.846080  0.896596  0.948163  1.000000  
1.000000  0.926575  0.855222  0.788560  0.730017  0.683601  0.653114  0.640979  0.647048  0.667905  0.697107  0.726510  0.748393  0.757639  0.753122  0.737683  0.716715  0.695994  0.679739  0.669677  0.665325  0.665046  0.667172  0.670650  0.675079  0.680403  0.686592  0.693518  0.700987  0.708814  0.716862  0.725028  0.733218  0.741345  0.749326  0.757092  0.764580  0.771738  0.778520  0.784883  0.790792  0.796218  0.801135  0.805520  0.809357  0.812629  0.815325  0.817435  0.818954  0.819874  0.820195  0.819915  0.819035  0.817558  0.815490  0.812838  0.809612  0.805825  0.801491  0.796631  0.791266  0.785423  0.779135  0.772437  0.765372  0.757991  0.750350  0.742520  0.734576  0.726596  0.718673  0.710930  0.703539  0.696684  0.690486  0.684963  0.680170  0.676505  0.675022  0.677392  0.685265  0.699136  0.717297  0.735550  0.748149  0.749728  0.737479  0.712556  0.680096  0.647824  0.623860  0.614580  0.623277  0.649913  0.691826  0.744962  0.805141  0.868975  0.934283  1.000000  
1.000000  0.913491  0.829602  0.751580  0.683601  0.630469  0.596682  0.585051  0.595314  0.623338  0.661435  0.699928  0.729623  0.744351  0.742578  0.727406  0.704986  0.682047  0.663657  0.652090  0.647052  0.646811  0.649467  0.653718  0.658983  0.665111  0.672044  0.679651  0.687734  0.696103  0.704611  0.713149  0.721629  0.729967  0.738091  0.745937  0.753454  0.760597  0.767328  0.773615  0.779430  0.784750  0.789555  0.793830  0.797562  0.800740  0.803355  0.805400  0.806872  0.807766  0.808081  0.807817  0.806974  0.805554  0.803562  0.801003  0.797884  0.794213  0.790004  0.785270  0.780027  0.774298  0.768106  0.761483  0.754462  0.747087  0.739409  0.731489  0.723398  0.715211  0.707023  0.698966  0.691219  0.683962  0.677315  0.671322  0.666123  0.662289  0.661114  0.664496  0.674164  0.690414  0.710981  0.730808  0.743182  0.741972  0.724094  0.691103  0.649178  0.607500  0.575706  0.561393  0.568538  0.597176  0.644214  0.704865  0.774146  0.847982  0.923713  1.000000  
1.000000  0.904509  0.812154  0.726753  0.653114  0.596682  0.562472  0.553531  0.569419  0.605369  0.652668  0.700419  0.738263  0.759154  0.761124  0.747330  0.724369  0.699658  0.678997  0.665271  0.658563  0.657258  0.659357  0.663354  0.668463  0.674401  0.681059  0.688307  0.695963  0.703844  0.711798  0.719719  0.727521  0.735135  0.742501  0.749567  0.756295  0.762652  0.768611  0.774151  0.779254  0.783906  0.788096  0.791814  0.795052  0.797806  0.800069  0.801840  0.803115  0.803893  0.804172  0.803954  0.803238  0.802026  0.800320  0.798124  0.795441  0.792277  0.788640  0.784537  0.779980  0.774982  0.769562  0.763738  0.757540  0.750998  0.744156  0.737065  0.729784  0.722388  0.714973  0.707675  0.700664  0.694107  0.688118  0.682789  0.678389  0.675686  0.676170  0.681826  0.694256  0.713368  0.736268  0.757152  0.768602  0.764021  0.740257  0.699275  0.648108  0.597082  0.557023  0.536518  0.540137  0.568046  0.616870  0.681277  0.755652  0.835359  0.917333  1.000000  
1.000000  0.900303  0.804200  0.715992  0.640979  0.585051  0.553531  0.549524  0.572340  0.616657  0.672986  0.729559  0.775198  0.802201  0.808187  0.796165  0.772880  0.746154  0.722393  0.705150  0.695084  0.690925  0.690749  0.692919  0.696439  0.700853  0.705972  0.711662  0.717762  0.724101  0.730528  0.736930  0.743224  0.749347  0.755248  0.760888  0.766237  0.771269  0.775969  0.780322  0.784320  0.787955  0.791221  0.794114  0.796630  0.798768  0.800525  0.801901  0.802895  0.803505  0.803733  0.803577  0.803039  0.802120  0.800821  0.799143  0.797088  0.794661  0.791864  0.788702  0.785183  0.781315  0.777109  0.772582  0.767755  0.762654  0.757317  0.751788  0.746126  0.740406  0.734733  0.729250  0.724115  0.719476  0.715454  0.712222  0.710217  0.710417  0.714438  0.724183  0.740899  0.763908  0.789633  0.811650  0.822115  0.814266  0.785070  0.736882  0.677361  0.617616  0.569303  0.541739  0.539995  0.564430  0.611559  0.675717  0.750855  0.831927  0.915563  1.000000  
1.000000  0.900859  0.805706  0.719222  0.647048  0.595314  0.569419  0.572340  0.603055  0.655767  0.720459  0.784859  0.837340  0.869800  0.879484  0.869095  0.845226  0.815828  0.787757  0.765270  0.749782  0.740608  0.736099  0.734589  0.734892  0.736351  0.738660  0.741656  0.745195  0.749117  0.753264  0.757506  0.761749  0.765922  0.769976  0.773870  0.777573  0.781063  0.784325  0.787347  0.790122  0.792645  0.794912  0.796921  0.798670  0.800157  0.801382  0.802345  0.803044  0.803480  0.803653  0.803564  0.803211  0.802598  0.801724  0.800591  0.799201  0.797556  0.795660  0.793518  0.791135  0.788521  0.785687  0.782649  0.779431  0.776064  0.772589  0.769056  0.765533  0.762112  0.758922  0.756116  0.753847  0.752252  0.751486  0.751840  0.753959  0.759012  0.768644  0.784483  0.807187  0.835317  0.864586  0.888104  0.897888  0.887307  0.853613  0.799506  0.733012  0.665649  0.609527  0.574433  0.565847  0.584395  0.626663  0.686876  0.758760  0.837016  0.918063  1.000000  
1.000000  0.905273  0.814882  0.733812  0.667905  0.623338  0.605369  0.616657  0.655767  0.716499  0.788543  0.859474  0.917585  0.954625  0.967533  0.958563  0.933878  0.901263  0.867845  0.838569  0.815747  0.799503  0.788672  0.781703  0.777268  0.774496  0.772929  0.772344  0.772593  0.773519  0.774946  0.776716  0.778699  0.780805  0.782964  0.785121  0.787231  0.789262  0.791191  0.793000  0.794678  0.796216  0.797607  0.798847  0.799933  0.800863  0.801634  0.802245  0.802695  0.802984  0.803112  0.803079  0.802886  0.802533  0.802023  0.801358  0.800542  0.799578  0.798472  0.797232  0.795869  0.794395  0.792832  0.791203  0.789546  0.787907  0.786343  0.784928  0.783756  0.782956  0.782692  0.783138  0.784452  0.786781  0.790345  0.795596  0.803398  0.815069  0.832147  0.855777  0.885818  0.919931  0.953142  0.978289  0.987550  0.974709  0.937455  0.878773  0.806803  0.733107  0.669898  0.627192  0.610804  0.621701  0.656725  0.710207  0.775844  0.848220  0.923613  1.000000  
1.000000  0.911805  0.828303  0.754753  0.697107  0.661435  0.652668  0.672986  0.720459  0.788543  0.866841  0.943089  1.005818  1.046867  1.062928  1.055673  1.030570  0.994933  0.955926  0.919102  0.887747  0.862970  0.844304  0.830479  0.820118  0.812156  0.805956  0.801203  0.797723  0.795346  0.793876  0.793110  0.792872  0.793027  0.793467  0.794106  0.794873  0.795713  0.796583  0.797450  0.798293  0.799093  0.799837  0.800515  0.801121  0.801649  0.802095  0.802456  0.802730  0.802916  0.803014  0.803023  0.802945  0.802782  0.802536  0.802212  0.801816  0.801355  0.800839  0.800284  0.799708  0.799136  0.798602  0.798152  0.797844  0.797753  0.797969  0.798604  0.799798  0.801731  0.804610  0.808640  0.813991  0.820844  0.829516  0.840645  0.855298  0.874849  0.900563  0.932901  0.970740  1.010780  1.047446  1.073545  1.081728  1.066478  1.026059  0.963689  0.887404  0.808491  0.738963  0.688867  0.664296  0.666646  0.693179  0.738529  0.796522  0.861716  0.930272  1.000000  
1.000000  0.918248  0.841625  0.775700  0.726510  0.699928  0.700419  0.729559  0.784859  0.859474  0.943089  1.023845  1.090774  1.135992  1.155985  1.151717  1.127696  1.090446  1.046886  1.003010  0.963058  0.929244  0.901983  0.880478  0.863437  0.849663  0.838346  0.829055  0.821570  0.815707  0.811245  0.807940  0.805560  0.803912  0.802836  0.802199  0.801890  0.801818  0.801911  0.802115  0.802388  0.802699  0.803022  0.803343  0.803647  0.803925  0.804170  0.804379  0.804546  0.804671  0.804753  0.804791  0.804788  0.804746  0.804670  0.804566  0.804444  0.804316  0.804201  0.804122  0.804111  0.804213  0.804482  0.804993  0.805839  0.807133  0.809013  0.811641  0.815216  0.819975  0.826168  0.834021  0.843725  0.855507  0.869805  0.887434  0.909599  0.937597  0.972228  1.013080  1.057936  1.102554  1.140929  1.166127  1.171598  1.152796  1.108698  1.042729  0.962642  0.879204  0.803992  0.746933  0.714371  0.708206  0.726272  0.763656  0.814423  0.873149  0.935828  1.000000  
1.000000  0.922520  0.850741  0.790646  0.748393  0.729623  0.738263  0.775198  0.837340  0.917585  1.005818  1.090774  1.162182  1.212565  1.238224  1.239294  1.219075  1.182974  1.137337  1.088339  1.041053  0.998819  0.963080  0.933704  0.909662  0.889731  0.872972  0.858843  0.847070  0.837460  0.829789  0.823785  0.819170  0.815691  0.813127  0.811288  0.810014  0.809168  0.808640  0.808343  0.808208  0.808185  0.808235  0.808330  0.808449  0.808578  0.808706  0.808826  0.808933  0.809025  0.809100  0.809159  0.809205  0.809242  0.809275  0.809316  0.809379  0.809484  0.809659  0.809942  0.810386  0.811058  0.812047  0.813464  0.815445  0.818154  0.821783  0.826553  0.832723  0.840574  0.850381  0.862375  0.876754  0.893798  0.914056  0.938476  0.968289  1.004534  1.047349  1.095303  1.145059  1.191553  1.228610  1.249881  1.249948  1.225486  1.176311  1.106044  1.022031  0.934341  0.853943  0.790536  0.750697  0.736898  0.747654  0.778615  0.824149  0.878835  0.938415  1.000000  
1.000000  0.923276  0.852989  0.795660  0.757639  0.744351  0.759154  0.802201  0.869800  0.954625  1.046867  1.135992  1.212565  1.269616  1.303276  1.312757  1.299943  1.268816  1.224790  1.173888  1.121780  1.072848  1.029630  0.992832  0.961879  0.935680  0.913248  0.893960  0.877506  0.863704  0.852357  0.843206  0.835954  0.830304  0.825981  0.822737  0.820353  0.818643  0.817446  0.816632  0.816100  0.815770  0.815581  0.815490  0.815464  0.815479  0.815521  0.815578  0.815643  0.815714  0.815788  0.815867  0.815954  0.816056  0.816182  0.816349  0.816580  0.816905  0.817370  0.818035  0.818978  0.820303  0.822139  0.824646  0.828011  0.832455  0.838224  0.845596  0.854868  0.866340  0.880273  0.896866  0.916306  0.938907  0.965296  0.996468  1.033520  1.077036  1.126319  1.178841  1.230230  1.274826  1.306615  1.320188  1.311561  1.278837  1.222767  1.147149  1.058830  0.967045  0.882026  0.813159  0.767230  0.747320  0.752694  0.779634  0.822841  0.876859  0.937072  1.000000  
1.000000  0.920299  0.847901  0.789973  0.753122  0.742578  0.761124  0.808187  0.879484  0.967533  1.062928  1.155985  1.238224  1.303276  1.347146  1.368095  1.366458  1.344541  1.306480  1.257760  1.204309  1.151349  1.102482  1.059362  1.022054  0.989771  0.961594  0.936878  0.915301  0.896726  0.881027  0.868014  0.857422  0.848947  0.842282  0.837133  0.833227  0.830319  0.828196  0.826674  0.825605  0.824870  0.824378  0.824059  0.823861  0.823750  0.823698  0.823690  0.823714  0.823765  0.823840  0.823943  0.824077  0.824255  0.824493  0.824816  0.825261  0.825879  0.826738  0.827931  0.829577  0.831823  0.834853  0.838881  0.844151  0.850936  0.859530  0.870240  0.883370  0.899186  0.917879  0.939574  0.964411  0.992713  1.025128  1.062577  1.105852  1.154894  1.208054  1.261739  1.310733  1.349121  1.371423  1.373513  1.353083  1.309791  1.245343  1.163667  1.071010  0.975652  0.886970  0.813946  0.763524  0.739392  0.741596  0.767088  0.810918  0.867573  0.931999  1.000000  
1.000000  0.914475  0.837175  0.775950  0.737683  0.727406  0.747330  0.796165  0.869095  0.958563  1.055673  1.151717  1.239294  1.312757  1.368095  1.402686  1.415297  1.406418  1.378615  1.336443  1.285678  1.232069  1.180126  1.132478  1.089959  1.052249  1.018623  0.988478  0.961518  0.937673  0.916941  0.899260  0.884465  0.872308  0.862492  0.854706  0.848639  0.843998  0.840510  0.837933  0.836061  0.834723  0.833783  0.833134  0.832697  0.832412  0.832238  0.832146  0.832120  0.832148  0.832228  0.832363  0.832562  0.832845  0.833240  0.833787  0.834547  0.835599  0.837049  0.839035  0.841727  0.845332  0.850091  0.856276  0.864183  0.874121  0.886402  0.901321  0.919128  0.939986  0.963957  0.991044  1.021316  1.055070  1.092909  1.135557  1.183338  1.235417  1.289170  1.340088  1.382428  1.410418  1.419509  1.407137  1.372808  1.317742  1.244524  1.157093  1.060967  0.963335  0.872590  0.797193  0.744169  0.717766  0.718815  0.744964  0.791639  0.853285  0.924392  1.000000  
1.000000  0.907378  0.823860  0.757938  0.716715  0.704986  0.724369  0.772880  0.845226  0.933878  1.030570  1.127696  1.219075  1.299943  1.366458  1.415297  1.443790  1.450611  1.436579  1.404972  1.360983  1.310482  1.258626  1.208922  1.163031  1.121214  1.083046  1.048029  1.015909  0.986698  0.960541  0.937563  0.917775  0.901060  0.887199  0.875916  0.866899  0.859827  0.854383  0.850266  0.847206  0.844970  0.843363  0.842226  0.841438  0.840906  0.840562  0.840359  0.840267  0.840269  0.840359  0.840543  0.840839  0.841276  0.841902  0.842784  0.844016  0.845721  0.848056  0.851216  0.855435  0.860984  0.868162  0.877289  0.888685  0.902662  0.919496  0.939407  0.962511  0.988797  1.018141  1.050397  1.085552  1.123860  1.165820  1.211854  1.261703  1.313704  1.364351  1.408486  1.440240  1.454420  1.447747  1.419398  1.370688  1.304263  1.223400  1.131852  1.034237  0.936503  0.845919  0.770300  0.716641  0.689692  0.691050  0.719087  0.769666  0.837249  0.915923  1.000000  
1.000000  0.900634  0.811135  0.740514  0.695994  0.682047  0.699658  0.746154  0.815828  0.901263  0.994933  1.090446  1.182974  1.268816  1.344541  1.406418  1.450611  1.474138  1.476049  1.458102  1.424512  1.380834  1.332518  1.283751  1.236977  1.193090  1.152035  1.113454  1.077129  1.043130  1.011741  0.983301  0.958058  0.936107  0.917392  0.901746  0.888917  0.878605  0.870477  0.864193  0.859427  0.855877  0.853282  0.851419  0.850110  0.849212  0.848620  0.848258  0.848075  0.848045  0.848156  0.848419  0.848862  0.849535  0.850515  0.851908  0.853854  0.856534  0.860169  0.865023  0.871397  0.879616  0.890022  0.902947  0.918693  0.937511  0.959570  0.984924  1.013479  1.044988  1.079113  1.115569  1.154285  1.195481  1.239515  1.286440  1.335361  1.383837  1.427676  1.461428  1.479536  1.477783  1.454405  1.410343  1.348560  1.272857  1.186904  1.094025  0.997752  0.902650  0.814744  0.741084  0.688540  0.662299  0.664713  0.694921  0.749302  0.822435  0.908108  1.000000  
1.000000  0.895376  0.801228  0.726946  0.679739  0.663657  0.678997  0.722393  0.787757  0.867845  0.955926  1.046886  1.137337  1.224790  1.306480  1.378615  1.436579  1.476049  1.494440  1.491903  1.471374  1.437692  1.396208  1.351519  1.306724  1.263335  1.221695  1.181597  1.142821  1.105427  1.069780  1.036405  1.005809  0.978362  0.954258  0.933526  0.916058  0.901644  0.889997  0.880778  0.873631  0.868201  0.864159  0.861213  0.859112  0.857653  0.856679  0.856073  0.855754  0.855678  0.855828  0.856220  0.856901  0.857949  0.859482  0.861658  0.864681  0.868799  0.874306  0.881532  0.890831  0.902560  0.917056  0.934609  0.955429  0.979624  1.007163  1.037856  1.071331  1.107084  1.144587  1.183479  1.223698  1.265465  1.308988  1.353924  1.398761  1.440399  1.474243  1.494938  1.497645  1.479424  1.440115  1.382293  1.310255  1.228573  1.140966  1.050075  0.958190  0.868411  0.785449  0.715529  0.665335  0.640452  0.643989  0.675902  0.733178  0.810625  0.901847  1.000000  
1.000000  0.891997  0.794943  0.718476  0.669677  0.652090  0.665271  0.705150  0.765270  0.838569  0.919102  1.003010  1.088339  1.173888  1.257760  1.336443  1.404972  1.458102  1.491903  1.504986  1.498862  1.477334  1.445298  1.407460  1.367397  1.327181  1.287555  1.248456  1.209611  1.170969  1.132853  1.095881  1.060778  1.028204  0.998656  0.972445  0.949700  0.930391  0.914358  0.901335  0.890989  0.882947  0.876833  0.872289  0.868993  0.866670  0.865096  0.864100  0.863563  0.863415  0.863632  0.864239  0.865304  0.866948  0.869341  0.872708  0.877323  0.883508  0.891623  0.902043  0.915139  0.931248  0.950633  0.973456  0.999747  1.029375  1.062033  1.097222  1.134282  1.172490  1.211227  1.250171  1.289374  1.329109  1.369440  1.409625  1.447591  1.479763  1.501435  1.507711  1.494784  1.461144  1.408170  1.339777  1.261185  1.177308  1.091572  1.005736  0.920781  0.838343  0.761850  0.696712  0.649420  0.625950  0.630182  0.662940  0.721895  0.802179  0.897308  1.000000  
1.000000  0.890269  0.791867  0.714592  0.665325  0.647052  0.658563  0.695084  0.749782  0.815747  0.887747  0.963058  1.041053  1.121780  1.204309  1.285678  1.360983  1.424512  1.471374  1.498862  1.507056  1.498541  1.477476  1.448402  1.415187  1.380389  1.345154  1.309574  1.273285  1.236011  1.197876  1.159427  1.121480  1.084925  1.050563  1.019031  0.990771  0.966027  0.944861  0.927174  0.912733  0.901216  0.892245  0.885425  0.880373  0.876743  0.874241  0.872631  0.871746  0.871484  0.871811  0.872762  0.874438  0.877006  0.880702  0.885821  0.892709  0.901748  0.913333  0.927843  0.945601  0.966838  0.991654  1.019988  1.051595  1.086033  1.122667  1.160693  1.199224  1.237443  1.274802  1.311180  1.346852  1.382183  1.417080  1.450399  1.479583  1.500763  1.509400  1.501334  1.473980  1.427253  1.363854  1.288659  1.207349  1.124776  1.043806  0.965218  0.888724  0.814611  0.745143  0.685000  0.640519  0.618080  0.622349  0.655044  0.714569  0.796442  0.894143  1.000000  
1.000000  0.889678  0.791014  0.713919  0.665046  0.646811  0.657258  0.690925  0.740608  0.799503  0.862970  0.929244  0.998819  1.072848  1.151349  1.232069  1.310482  1.380834  1.437692  1.477334  1.498541  1.502627  1.492826  1.473294  1.448026  1.420003  1.390801  1.360727  1.329339  1.296067  1.260672  1.223422  1.185029  1.146457  1.108727  1.072780  1.039398  1.009164  0.982452  0.959426  0.940061  0.924172  0.911456  0.901538  0.894014  0.888487  0.884600  0.882055  0.880632  0.880193  0.880693  0.882178  0.884785  0.888734  0.894323  0.901910  0.911891  0.924672  0.940626  0.960057  0.983149  1.009929  1.040232  1.073684  1.109702  1.147505  1.186152  1.224621  1.261948  1.297423  1.330777  1.362248  1.392408  1.421698  1.449813  1.475175  1.494804  1.504707  1.500727  1.479629  1.440098  1.383351  1.313100  1.234761  1.154058  1.075454  1.001103  0.930819  0.863195  0.797372  0.734638  0.679066  0.636896  0.614922  0.618586  0.650498  0.709807  0.792433  0.891847  1.000000  
1.000000  0.889755  0.791464  0.715129  0.667172  0.649467  0.659357  0.690749  0.736099  0.788672  0.844304  0.901983  0.963080  1.029630  1.102482  1.180126  1.258626  1.332518  1.396208  1.445298  1.477476  1.492826  1.493559  1.483281  1.465969  1.444981  1.422383  1.398822  1.373885  1.346721  1.316628  1.283401  1.247404  1.209448  1.170595  1.131979  1.094671  1.059599  1.027496  0.998875  0.974014  0.952977  0.935639  0.921734  0.910905  0.902757  0.896901  0.892995  0.890775  0.890073  0.890832  0.893110  0.897074  0.902989  0.911196  0.922084  0.936049  0.953447  0.974545  0.999467  1.028152  1.060318  1.095455  1.132829  1.171513  1.210434  1.248461  1.284530  1.317831  1.348000  1.375242  1.400259  1.423902  1.446584  1.467660  1.485061  1.495432  1.494793  1.479540  1.447461  1.398470  1.334873  1.261060  1.182606  1.104936  1.031922  0.964962  0.903026  0.843808  0.785551  0.728771  0.677061  0.636604  0.614587  0.617188  0.647867  0.706500  0.789404  0.890043  1.000000  
1.000000  0.890244  0.792698  0.717435  0.670650  0.653718  0.663354  0.692919  0.734589  0.781703  0.830479  0.880478  0.933704  0.992832  1.059362  1.132478  1.208922  1.283751  1.351519  1.407460  1.448402  1.473294  1.483281  1.481276  1.471104  1.456439  1.439912  1.422687  1.404585  1.384619  1.361642  1.334858  1.304067  1.269666  1.232512  1.193724  1.154521  1.116096  1.079522  1.045687  1.015250  0.988621  0.965968  0.947247  0.932253  0.920677  0.912166  0.906380  0.903041  0.901967  0.903096  0.906489  0.912330  0.920897  0.932528  0.947578  0.966355  0.989065  1.015751  1.046246  1.080141  1.116775  1.155261  1.194525  1.233376  1.270596  1.305062  1.335922  1.362775  1.385823  1.405863  1.424041  1.441344  1.457950  1.472699  1.482957  1.485049  1.475152  1.450353  1.409505  1.353655  1.285971  1.211207  1.134786  1.061612  0.994868  0.935247  0.881053  0.829323  0.777644  0.725944  0.677428  0.638225  0.615866  0.617181  0.646419  0.704136  0.787035  0.888579  1.000000  
1.000000  0.891080  0.794573  0.720583  0.675079  0.658983  0.668463  0.696439  0.734892  0.777268  0.820118  0.863437  0.909662  0.961879  1.022054  1.089959  1.163031  1.236977  1.306724  1.367397  1.415187  1.448026  1.465969  1.471104  1.466926  1.457322  1.445523  1.433392  1.421263  1.408287  1.393044  1.374173  1.350788  1.322656  1.290159  1.254143  1.215750  1.176261  1.136977  1.099114  1.063720  1.031613  1.003353  0.979239  0.959344  0.943564  0.931686  0.923453  0.918633  0.917063  0.918685  0.923558  0.931843  0.943774  0.959607  0.979555  1.003722  1.032037  1.064198  1.099647  1.137566  1.176907  1.216453  1.254905  1.290980  1.323538  1.351732  1.375181  1.394117  1.409426  1.422472  1.434671  1.446875  1.458749  1.468430  1.472688  1.467636  1.449778  1.417026  1.369325  1.308737  1.239066  1.165174  1.092109  1.024117  0.963680  0.910892  0.863578  0.818339  0.772312  0.724974  0.679193  0.641019  0.618240  0.618245  0.645985  0.702649  0.785316  0.887462  1.000000  
1.000000  0.892281  0.797108  0.724570  0.680403  0.665111  0.674401  0.700853  0.736351  0.774496  0.812156  0.849663  0.889731  0.935680  0.989771  1.052249  1.121214  1.193090  1.263335  1.327181  1.380389  1.420003  1.444981  1.456439  1.457322  1.451537  1.442849  1.433940  1.425939  1.418485  1.410212  1.399389  1.384489  1.364539  1.339238  1.308900  1.274320  1.236628  1.197148  1.157280  1.118381  1.081667  1.048139  1.018537  0.993339  0.972785  0.956935  0.945734  0.939082  0.936893  0.939132  0.945834  0.957085  0.972985  0.993590  1.018839  1.048492  1.082072  1.118838  1.157790  1.197711  1.237245  1.274993  1.309628  1.340023  1.365382  1.385391  1.400351  1.411235  1.419571  1.427089  1.435157  1.444133  1.452892  1.458749  1.457940  1.446559  1.421660  1.382127  1.329000  1.265231  1.195054  1.123219  1.054243  0.991649  0.937249  0.890653  0.849373  0.809759  0.768652  0.725175  0.681881  0.644695  0.621568  0.620348  0.646604  0.702112  0.784315  0.886731  1.000000  
1.000000  0.893846  0.800298  0.729384  0.686592  0.672044  0.681059  0.705972  0.738660  0.772929  0.805956  0.838346  0.872972  0.913248  0.961594  1.018623  1.083046  1.152035  1.221695  1.287555  1.345154  1.390801  1.422383  1.439912  1.445523  1.442849  1.435987  1.428420  1.422262  1.417995  1.414713  1.410671  1.403921  1.392812  1.376280  1.353922  1.325944  1.293058  1.256356  1.217193  1.177063  1.137474  1.099835  1.065365  1.035040  1.009576  0.989452  0.974951  0.966220  0.963320  0.966268  0.975047  0.989596  1.009768  1.035280  1.065655  1.100174  1.137863  1.177501  1.217682  1.256896  1.293650  1.326589  1.354619  1.377032  1.393619  1.404784  1.411592  1.415692  1.419034  1.423363  1.429584  1.437214  1.444143  1.446885  1.441344  1.423886  1.392378  1.346805  1.289281  1.223490  1.153887  1.084926  1.020471  0.963295  0.914589  0.873586  0.837621  0.802934  0.766188  0.726221  0.685282  0.649121  0.625773  0.623446  0.648255  0.702517  0.784034  0.886389  1.000000  
1.000000  0.895728  0.804060  0.734912  0.693518  0.679651  0.688307  0.711662  0.741656  0.772344  0.801203  0.829055  0.858843  0.893960  0.936878  0.988478  1.048029  1.113454  1.181597  1.248456  1.309574  1.360727  1.398822  1.422687  1.433392  1.433940  1.428420  1.420920  1.414558  1.410907  1.409917  1.410268  1.409963  1.406916  1.399387  1.386211  1.366859  1.341405  1.310456  1.275057  1.236594  1.196667  1.156965  1.119131  1.084662  1.054835  1.030665  1.012906  1.002066  0.998437  1.002112  1.012998  1.030803  1.055019  1.084893  1.119409  1.157290  1.197040  1.237014  1.275526  1.310974  1.341973  1.367477  1.386880  1.400108  1.407690  1.410791  1.411151  1.410856  1.411904  1.415613  1.422035  1.429597  1.435180  1.434696  1.424057  1.400261  1.362235  1.311152  1.250102  1.183305  1.115210  1.049799  0.990196  0.938415  0.895085  0.859155  0.827899  0.797555  0.764701  0.727950  0.689256  0.654161  0.630711  0.627397  0.650804  0.703751  0.784390  0.886394  1.000000  
1.000000  0.897861  0.808265  0.740982  0.700987  0.687734  0.695963  0.717762  0.745195  0.772593  0.797723  0.821570  0.847070  0.877506  0.915301  0.961518  1.015909  1.077129  1.142821  1.209611  1.273285  1.329339  1.373885  1.404585  1.421263  1.425939  1.422262  1.414558  1.406769  1.401614  1.400178  1.401986  1.405436  1.408385  1.408676  1.404502  1.394599  1.378301  1.355544  1.326831  1.293174  1.256011  1.217087  1.178318  1.141640  1.108880  1.081642  1.061232  1.048607  1.044348  1.048651  1.061320  1.081775  1.109058  1.141863  1.178586  1.217400  1.256369  1.293579  1.327282  1.356042  1.378847  1.395193  1.405146  1.409369  1.409129  1.406232  1.402834  1.401080  1.402571  1.407782  1.415628  1.423391  1.427128  1.422514  1.405899  1.375264  1.330784  1.274796  1.211186  1.144452  1.078800  1.017581  0.963117  0.916687  0.878426  0.847092  0.819990  0.793454  0.764053  0.730228  0.693656  0.659643  0.636193  0.632004  0.654070  0.705663  0.785277  0.886690  1.000000  
1.000000  0.900182  0.812796  0.747436  0.708814  0.696103  0.703844  0.724101  0.749117  0.773519  0.795346  0.815707  0.837460  0.863704  0.896726  0.937673  0.986698  1.043130  1.105427  1.170969  1.236011  1.296067  1.346721  1.384619  1.408287  1.418485  1.417995  1.410907  1.401614  1.393817  1.389822  1.390291  1.394435  1.400487  1.406247  1.409542  1.408526  1.401845  1.388713  1.368951  1.342987  1.311840  1.277049  1.240555  1.204539  1.171250  1.142813  1.121070  1.107437  1.102806  1.107480  1.121155  1.142941  1.171421  1.204754  1.240813  1.277351  1.312186  1.343377  1.369386  1.389194  1.402371  1.409099  1.410162  1.406915  1.401204  1.395202  1.391108  1.390690  1.394738  1.402589  1.411937  1.419081  1.419628  1.409489  1.385882  1.348045  1.297455  1.237461  1.172478  1.106988  1.044722  0.988280  0.939163  0.897969  0.864428  0.837201  0.813712  0.790465  0.764090  0.732902  0.698320  0.665397  0.642042  0.637096  0.657896  0.708127  0.786607  0.887233  1.000000  
1.000000  0.902647  0.817569  0.754156  0.716862  0.704611  0.711798  0.730528  0.753264  0.774946  0.793876  0.811245  0.829789  0.852357  0.881027  0.916941  0.960541  1.011741  1.069780  1.132853  1.197876  1.260672  1.316628  1.361642  1.393044  1.410212  1.414713  1.409917  1.400178  1.389822  1.382237  1.379325  1.381400  1.387468  1.395696  1.403908  1.409963  1.412015  1.408662  1.399043  1.382915  1.360694  1.333462  1.302897  1.271141  1.240600  1.213714  1.192700  1.179335  1.174762  1.179377  1.192783  1.213838  1.240766  1.271349  1.303147  1.333755  1.361029  1.383293  1.399465  1.409127  1.412525  1.410517  1.404508  1.396342  1.388161  1.382141  1.380114  1.383076  1.390711  1.401119  1.410910  1.415760  1.411315  1.394204  1.362859  1.317904  1.262007  1.199271  1.134303  1.071276  1.013261  0.962038  0.918327  0.882134  0.852890  0.829252  0.808839  0.788388  0.764639  0.735820  0.703106  0.671282  0.648120  0.642545  0.662172  0.711055  0.788318  0.887990  1.000000  
1.000000  0.905218  0.822515  0.761052  0.725028  0.713149  0.719719  0.736930  0.757506  0.776716  0.793110  0.807940  0.823785  0.843206  0.868014  0.899260  0.937563  0.983301  1.036405  1.095881  1.159427  1.223422  1.283401  1.334858  1.374173  1.399389  1.410671  1.410268  1.401986  1.390291  1.379325  1.372120  1.370207  1.373638  1.381312  1.391424  1.401893  1.410678  1.415994  1.416460  1.411216  1.400025  1.383343  1.362321  1.338727  1.314766  1.292834  1.275222  1.263827  1.259896  1.263867  1.275303  1.292955  1.314927  1.338929  1.362564  1.383626  1.400350  1.411583  1.416869  1.416445  1.411172  1.402430  1.392006  1.381938  1.374310  1.370925  1.372885  1.380137  1.391152  1.402897  1.411230  1.411684  1.400456  1.375294  1.336035  1.284633  1.224712  1.160772  1.097278  1.037842  0.984754  0.938982  0.900547  0.868989  0.843553  0.822975  0.805127  0.787020  0.765540  0.738853  0.707902  0.677193  0.654326  0.648250  0.666805  0.714370  0.790355  0.888934  1.000000  
1.000000  0.907860  0.827568  0.768037  0.733218  0.721629  0.727521  0.743224  0.761749  0.778699  0.792872  0.805560  0.819170  0.835954  0.857422  0.884465  0.917775  0.958058  1.005809  1.060778  1.121480  1.185029  1.247404  1.304067  1.350788  1.384489  1.403921  1.409963  1.405436  1.394435  1.381400  1.370207  1.363524  1.362566  1.367214  1.376359  1.388317  1.401188  1.413117  1.422466  1.427957  1.428790  1.424760  1.416309  1.404518  1.390987  1.377622  1.366358  1.358856  1.356236  1.358895  1.366436  1.377739  1.391143  1.404714  1.416544  1.425035  1.429106  1.428313  1.422863  1.413555  1.401668  1.388838  1.376923  1.367822  1.363218  1.364220  1.370949  1.382189  1.395270  1.406320  1.410896  1.404903  1.385523  1.351874  1.305206  1.248597  1.186278  1.122782  1.062127  1.007193  0.959451  0.919122  0.885660  0.858272  0.836122  0.818093  0.802348  0.786190  0.766668  0.741908  0.712630  0.683053  0.660573  0.654119  0.671705  0.717992  0.792661  0.890033  1.000000  
1.000000  0.910536  0.832663  0.775029  0.741345  0.729967  0.735135  0.749347  0.765922  0.780805  0.793027  0.803912  0.815691  0.830304  0.848947  0.872308  0.901060  0.936107  0.978362  1.028204  1.084925  1.146457  1.209448  1.269666  1.322656  1.364539  1.392812  1.406916  1.408385  1.400487  1.387468  1.373638  1.362566  1.356585  1.356671  1.362635  1.373470  1.387720  1.403768  1.420028  1.435076  1.447762  1.457303  1.463376  1.466152  1.466259  1.464661  1.462459  1.460668  1.459999  1.460706  1.462535  1.464775  1.466412  1.466343  1.463605  1.457571  1.448069  1.435423  1.420414  1.404194  1.388187  1.373978  1.363184  1.357263  1.357219  1.363244  1.374360  1.388234  1.401299  1.409244  1.407822  1.393767  1.365543  1.323711  1.270772  1.210606  1.147668  1.086186  1.029509  0.979699  0.937444  0.902339  0.873416  0.849677  0.830297  0.814353  0.800308  0.785762  0.767937  0.744924  0.717234  0.688798  0.666785  0.660065  0.676782  0.721842  0.795175  0.891256  1.000000  
1.000000  0.913211  0.837735  0.781948  0.749326  0.738091  0.742501  0.755248  0.769976  0.782964  0.793467  0.802836  0.813127  0.825981  0.842282  0.862492  0.887199  0.917392  0.954258  0.998656  1.050563  1.108727  1.170595  1.232512  1.290159  1.339238  1.376280  1.399387  1.408676  1.406247  1.395696  1.381312  1.367214  1.356671  1.351744  1.353274  1.361126  1.374515  1.392315  1.413259  1.436052  1.459432  1.482219  1.503380  1.522081  1.537739  1.550015  1.558773  1.564007  1.565757  1.564044  1.558847  1.550126  1.537888  1.522267  1.503603  1.482481  1.459731  1.436390  1.413636  1.392731  1.374970  1.361621  1.353810  1.352320  1.357289  1.367874  1.382015  1.396443  1.407038  1.409512  1.400270  1.377209  1.340215  1.291185  1.233588  1.171722  1.109903  1.051787  0.999922  0.955551  0.918679  0.888416  0.863518  0.842898  0.825805  0.811535  0.798849  0.785635  0.769280  0.747856  0.721671  0.694373  0.672892  0.666008  0.681952  0.725842  0.797838  0.892570  1.000000  
1.000000  0.915856  0.842731  0.788725  0.757092  0.745937  0.749567  0.760888  0.773870  0.785121  0.794106  0.802199  0.811288  0.822737  0.837133  0.854706  0.875916  0.901746  0.933526  0.972445  1.019031  1.072780  1.131979  1.193724  1.254143  1.308900  1.353922  1.386211  1.404502  1.409542  1.403908  1.391424  1.376359  1.362635  1.353274  1.350168  1.354154  1.365270  1.383041  1.406694  1.435250  1.467534  1.502152  1.537487  1.571750  1.603079  1.629674  1.649944  1.662644  1.666980  1.662680  1.650016  1.629783  1.603224  1.571932  1.537706  1.502407  1.467827  1.435580  1.407062  1.383447  1.365714  1.354638  1.350691  1.353837  1.363238  1.377003  1.392111  1.404636  1.410314  1.405318  1.387072  1.354828  1.309853  1.255144  1.194773  1.133077  1.073926  1.020223  0.973675  0.934778  0.902985  0.877074  0.855654  0.837638  0.822398  0.809450  0.797840  0.785723  0.770647  0.750667  0.725907  0.699735  0.678836  0.671877  0.687140  0.729924  0.800597  0.893948  1.000000  
1.000000  0.918443  0.847602  0.795300  0.764580  0.753454  0.756295  0.766237  0.777573  0.787231  0.794873  0.801890  0.810014  0.820353  0.833227  0.848639  0.866899  0.888917  0.916058  0.949700  0.990771  1.039398  1.094671  1.154521  1.215750  1.274320  1.325944  1.366859  1.394599  1.408526  1.409963  1.401893  1.388317  1.373470  1.361126  1.354154  1.354397  1.362789  1.379585  1.404568  1.437138  1.476289  1.520526  1.567794  1.615496  1.660626  1.700024  1.730701  1.750199  1.756899  1.750234  1.730772  1.700130  1.660769  1.615674  1.568008  1.520776  1.476576  1.437461  1.404928  1.379982  1.363224  1.354871  1.354666  1.361677  1.374060  1.388947  1.402564  1.410676  1.409281  1.395397  1.367701  1.326831  1.275252  1.216728  1.155546  1.095744  1.040517  0.991933  0.950898  0.917274  0.890114  0.868004  0.849515  0.833628  0.819859  0.807938  0.797171  0.785958  0.771996  0.753332  0.729916  0.704849  0.684569  0.677609  0.692280  0.734024  0.803404  0.895362  1.000000  
1.000000  0.920946  0.852302  0.801619  0.771738  0.760597  0.762652  0.771269  0.781063  0.789262  0.795713  0.801818  0.809168  0.818643  0.830319  0.843998  0.859827  0.878605  0.901644  0.930391  0.966027  1.009164  1.059599  1.116096  1.176261  1.236628  1.293058  1.341405  1.378301  1.401845  1.412015  1.410678  1.401188  1.387720  1.374515  1.365270  1.362789  1.368915  1.384645  1.410286  1.445560  1.489578  1.540752  1.596690  1.654201  1.709440  1.758243  1.796586  1.821100  1.829545  1.821135  1.796655  1.758347  1.709579  1.654375  1.596900  1.540997  1.489859  1.445877  1.410640  1.385035  1.369342  1.363253  1.365771  1.375055  1.388299  1.401806  1.411336  1.412714  1.402584  1.379083  1.342230  1.293926  1.237540  1.177218  1.117100  1.060648  1.010259  0.967163  0.931560  0.902827  0.879763  0.860882  0.844805  0.830621  0.817999  0.806864  0.796753  0.786288  0.773300  0.755834  0.733679  0.709687  0.690047  0.683152  0.697309  0.738084  0.806213  0.896788  1.000000  
1.000000  0.923343  0.856793  0.807633  0.778520  0.767328  0.768611  0.775969  0.784325  0.791191  0.796583  0.801911  0.808640  0.817446  0.828196  0.840510  0.854383  0.870477  0.889997  0.914358  0.944861  0.982452  1.027496  1.079522  1.136977  1.197148  1.256356  1.310456  1.355544  1.388713  1.408662  1.415994  1.413117  1.403768  1.392315  1.383041  1.379585  1.384645  1.399909  1.426130  1.463211  1.510238  1.565445  1.626156  1.688813  1.749154  1.802564  1.844581  1.871468  1.880733  1.871502  1.844650  1.802667  1.749291  1.688985  1.626362  1.565686  1.510515  1.463522  1.426477  1.400292  1.385064  1.380041  1.383534  1.392846  1.404336  1.413724  1.416640  1.409348  1.389439  1.356311  1.311265  1.257207  1.198043  1.137916  1.080506  1.028525  0.983524  0.945974  0.915501  0.891150  0.871599  0.855392  0.841253  0.828404  0.816660  0.806119  0.796518  0.786671  0.774539  0.758160  0.737184  0.714226  0.695236  0.688454  0.702170  0.742049  0.808980  0.898200  1.000000  
