1.000000  1.000000  1.000000  1.000000  1.000000  1.000000  1.000000  1.000000  1.000000  1.000000  1.000000  1.000000  1.000000  1.000000  1.000000  1.000000  1.000000  1.000000  1.000000  1.000000  1.000000  1.000000  1.000000  1.000000  1.000000  1.000000  1.000000  1.000000  1.000000  1.000000  1.000000  1.000000  1.000000  1.000000  1.000000  1.000000  1.000000  1.000000  1.000000  1.000000  1.000000  1.000000  1.000000  1.000000  1.000000  1.000000  1.000000  1.000000  1.000000  1.000000  1.000000  1.000000  1.000000  1.000000  1.000000  1.000000  1.000000  1.000000  1.000000  1.000000  1.000000  1.000000  1.000000  1.000000  1.000000  1.000000  1.000000  1.000000  1.000000  1.000000  1.000000  1.000000  1.000000  1.000000  1.000000  1.000000  1.000000  1.000000  1.000000  1.000000  1.000000  1.000000  1.000000  1.000000  1.000000  1.000000  1.000000  1.000000  1.000000  1.000000  1.000000  1.000000  1.000000  1.000000  1.000000  1.000000  1.000000  1.000000  1.000000  1.000000  
1.000000  0.978411  0.957629  0.938575  0.922310  0.909927  0.902296  0.899745  0.901782  0.907026  0.913425  0.918754  0.921248  0.920123  0.915760  0.909461  0.902894  0.897461  0.893897  0.892220  0.891988  0.892662  0.893863  0.895435  0.897362  0.899652  0.902272  0.905153  0.908221  0.911420  0.914706  0.918041  0.921388  0.924710  0.927975  0.931153  0.934220  0.937154  0.939933  0.942542  0.944966  0.947191  0.949207  0.951004  0.952576  0.953916  0.955020  0.955883  0.956503  0.956877  0.957005  0.956886  0.956522  0.955912  0.955059  0.953966  0.952636  0.951076  0.949290  0.947288  0.945077  0.942669  0.940076  0.937315  0.934403  0.931360  0.928208  0.924975  0.921693  0.918393  0.915108  0.911877  0.908752  0.905805  0.903100  0.900671  0.898509  0.896633  0.895201  0.894599  0.895372  0.897972  0.902390  0.907906  0.913130  0.916411  0.916460  0.912910  0.906555  0.899165  0.892957  0.889966  0.891535  0.898100  0.909267  0.924100  0.941474  0.960369  0.980035  1.000000  
1.000000  0.957629  0.916877  0.879579  0.847844  0.823828  0.809241  0.804718  0.809283  0.820209  0.833456  0.844643  0.850285  0.848811  0.840927  0.829154  0.816735  0.806425  0.799689  0.796596  0.796315  0.797797  0.800293  0.803479  0.807309  0.811791  0.816864  0.822400  0.828261  0.834340  0.840556  0.846839  0.853123  0.859340  0.865433  0.871350  0.877048  0.882487  0.887632  0.892454  0.896927  0.901029  0.904742  0.908050  0.910940  0.913403  0.915431  0.917015  0.918153  0.918841  0.919077  0.918860  0.918192  0.917073  0.915508  0.913502  0.911061  0.908193  0.904909  0.901223  0.897149  0.892707  0.887919  0.882812  0.877416  0.871766  0.865903  0.859876  0.853739  0.847552  0.841375  0.835276  0.829357  0.823748  0.818571  0.813885  0.809679  0.806002  0.803181  0.801975  0.803440  0.808426  0.816880  0.827358  0.837130  0.842978  0.842408  0.834737  0.821553  0.806347  0.793488  0.786976  0.789465  0.801822  0.823285  0.852017  0.885804  0.922634  0.961014  1.000000  
1.000000  0.938575  0.879579  0.825751  0.780203  0.746096  0.725918  0.720566  0.728588  0.745988  0.766859  0.784802  0.794705  0.794210  0.784252  0.768405  0.751323  0.737012  0.727661  0.723467  0.723297  0.725668  0.729475  0.734212  0.739772  0.746155  0.753277  0.760968  0.769044  0.777357  0.785801  0.794286  0.802724  0.811034  0.819143  0.826988  0.834518  0.841683  0.848443  0.854764  0.860615  0.865971  0.870812  0.875119  0.878879  0.882079  0.884711  0.886768  0.888245  0.889139  0.889446  0.889167  0.888303  0.886855  0.884828  0.882227  0.879060  0.875335  0.871064  0.866264  0.860950  0.855146  0.848877  0.842174  0.835075  0.827620  0.819859  0.811853  0.803670  0.795384  0.787071  0.778825  0.770781  0.763112  0.755980  0.749458  0.743545  0.738343  0.734361  0.732710  0.734882  0.742024  0.753957  0.768516  0.781723  0.788950  0.786657  0.773935  0.753160  0.729448  0.709174  0.698183  0.700365  0.717013  0.747043  0.787796  0.836043  0.888831  0.943954  1.000000  
1.000000  0.922310  0.847844  0.780203  0.723435  0.681605  0.657875  0.653340  0.666082  0.690937  0.720317  0.746004  0.761403  0.763391  0.753006  0.734650  0.714165  0.696668  0.685072  0.679802  0.679572  0.682570  0.687375  0.693277  0.700078  0.707747  0.716189  0.725213  0.734608  0.744203  0.753876  0.763526  0.773063  0.782400  0.791465  0.800194  0.808535  0.816443  0.823879  0.830811  0.837211  0.843056  0.848329  0.853012  0.857095  0.860566  0.863419  0.865648  0.867248  0.868217  0.868553  0.868256  0.867325  0.865765  0.863576  0.860765  0.857337  0.853301  0.848667  0.843448  0.837660  0.831324  0.824463  0.817106  0.809289  0.801052  0.792444  0.783528  0.774373  0.765057  0.755664  0.746302  0.737125  0.728331  0.720096  0.712505  0.705577  0.699502  0.694986  0.693448  0.696703  0.706045  0.721060  0.738852  0.754325  0.761661  0.756483  0.737777  0.708674  0.675765  0.647223  0.630550  0.630764  0.649579  0.685663  0.735645  0.795399  0.861119  0.929941  1.000000  
1.000000  0.909927  0.823828  0.746096  0.681605  0.635182  0.610521  0.608823  0.627708  0.660974  0.699584  0.733771  0.755652  0.761388  0.751986  0.732421  0.709457  0.689160  0.675161  0.668253  0.667181  0.669954  0.674899  0.681093  0.688209  0.696164  0.704852  0.714084  0.723642  0.733347  0.743067  0.752701  0.762164  0.771376  0.780271  0.788795  0.796904  0.804560  0.811734  0.818399  0.824535  0.830126  0.835158  0.839620  0.843505  0.846804  0.849514  0.851631  0.853151  0.854073  0.854397  0.854121  0.853248  0.851777  0.849711  0.847054  0.843810  0.839984  0.835584  0.830620  0.825102  0.819048  0.812474  0.805405  0.797870  0.789902  0.781547  0.772858  0.763902  0.754753  0.745495  0.736246  0.727169  0.718464  0.710306  0.702784  0.695967  0.690165  0.686291  0.686006  0.691294  0.703405  0.721547  0.742092  0.758982  0.765463  0.756571  0.731302  0.693492  0.650993  0.613502  0.589935  0.586302  0.604731  0.643735  0.699387  0.766818  0.841497  0.919982  1.000000  
1.000000  0.902296  0.809241  0.725918  0.657875  0.610521  0.587904  0.591211  0.617600  0.659985  0.708150  0.751099  0.779914  0.790116  0.782565  0.762545  0.737450  0.714114  0.696882  0.687064  0.683663  0.684693  0.688327  0.693435  0.699529  0.706442  0.714054  0.722190  0.730643  0.739233  0.747821  0.756309  0.764614  0.772669  0.780417  0.787814  0.794824  0.801420  0.807580  0.813288  0.818531  0.823297  0.827579  0.831372  0.834669  0.837469  0.839767  0.841563  0.842854  0.843641  0.843922  0.843699  0.842971  0.841739  0.840005  0.837771  0.835039  0.831812  0.828097  0.823897  0.819222  0.814082  0.808491  0.802466  0.796029  0.789210  0.782047  0.774588  0.766894  0.759034  0.751099  0.743213  0.735543  0.728281  0.721586  0.715561  0.710355  0.706436  0.704918  0.707608  0.716475  0.732500  0.754358  0.777692  0.795657  0.800850  0.787976  0.756154  0.709830  0.657857  0.611125  0.579678  0.570359  0.585700  0.624180  0.681498  0.752230  0.831285  0.914746  1.000000  
1.000000  0.899745  0.804718  0.720566  0.653340  0.608823  0.591211  0.601542  0.636512  0.688303  0.745829  0.797214  0.832796  0.847575  0.842163  0.821891  0.794487  0.767350  0.745520  0.730981  0.723225  0.720494  0.720934  0.723241  0.726739  0.731145  0.736309  0.742070  0.748242  0.754643  0.761126  0.767583  0.773929  0.780101  0.786045  0.791722  0.797100  0.802157  0.806875  0.811243  0.815251  0.818892  0.822162  0.825058  0.827575  0.829713  0.831470  0.832845  0.833837  0.834446  0.834671  0.834514  0.833974  0.833053  0.831751  0.830069  0.828011  0.825579  0.822775  0.819606  0.816077  0.812198  0.807980  0.803439  0.798596  0.793481  0.788133  0.782599  0.776943  0.771240  0.765594  0.760147  0.755068  0.750535  0.746695  0.743685  0.741771  0.741610  0.744487  0.752233  0.766584  0.788022  0.814538  0.841066  0.860178  0.864118  0.847517  0.809715  0.755643  0.694858  0.639077  0.599158  0.582610  0.592363  0.626991  0.682022  0.751695  0.830529  0.914259  1.000000  
1.000000  0.901782  0.809283  0.728588  0.666082  0.627708  0.617600  0.636512  0.680664  0.741675  0.807887  0.866917  0.908665  0.927747  0.924449  0.903897  0.873844  0.842031  0.814143  0.792960  0.778700  0.770061  0.765323  0.763070  0.762430  0.762972  0.764488  0.766823  0.769807  0.773255  0.777000  0.780907  0.784877  0.788834  0.792715  0.796472  0.800067  0.803473  0.806670  0.809643  0.812381  0.814877  0.817125  0.819120  0.820859  0.822341  0.823562  0.824522  0.825219  0.825654  0.825825  0.825733  0.825378  0.824762  0.823887  0.822754  0.821366  0.819727  0.817842  0.815718  0.813363  0.810789  0.808013  0.805056  0.801946  0.798723  0.795438  0.792151  0.788942  0.785909  0.783187  0.780941  0.779353  0.778588  0.778797  0.780176  0.783148  0.788571  0.797843  0.812667  0.834320  0.862560  0.894575  0.924648  0.944999  0.947828  0.927955  0.885015  0.824290  0.755730  0.691506  0.642981  0.618156  0.620364  0.648409  0.697856  0.762821  0.837603  0.917698  1.000000  
1.000000  0.907026  0.820209  0.745988  0.690937  0.660974  0.659985  0.688303  0.741675  0.811300  0.885245  0.950969  0.998232  1.021402  1.020371  0.999811  0.967183  0.930310  0.895416  0.866148  0.843643  0.827288  0.815675  0.807374  0.801337  0.796961  0.793951  0.792141  0.791368  0.791439  0.792156  0.793345  0.794868  0.796619  0.798510  0.800469  0.802437  0.804370  0.806235  0.808007  0.809667  0.811200  0.812597  0.813849  0.814950  0.815895  0.816680  0.817304  0.817763  0.818057  0.818185  0.818147  0.817944  0.817578  0.817052  0.816369  0.815533  0.814552  0.813435  0.812192  0.810839  0.809398  0.807895  0.806365  0.804856  0.803429  0.802160  0.801139  0.800478  0.800319  0.800837  0.802236  0.804711  0.808424  0.813546  0.820368  0.829490  0.841955  0.859185  0.882574  0.912721  0.948468  0.986142  1.019489  1.040642  1.042092  1.019096  0.971669  0.905311  0.830074  0.758233  0.701367  0.667823  0.661341  0.681089  0.722863  0.780842  0.849249  0.923408  1.000000  
1.000000  0.913425  0.833456  0.766859  0.720317  0.699584  0.708150  0.745829  0.807887  0.885245  0.965948  1.037608  1.090106  1.117683  1.119756  1.100301  1.066150  1.024907  0.983155  0.945394  0.913811  0.888680  0.869100  0.853761  0.841493  0.831524  0.823450  0.817074  0.812233  0.808731  0.806335  0.804823  0.804004  0.803724  0.803852  0.804277  0.804908  0.805669  0.806506  0.807373  0.808237  0.809072  0.809860  0.810585  0.811236  0.811806  0.812289  0.812679  0.812975  0.813173  0.813273  0.813275  0.813180  0.812991  0.812712  0.812349  0.811909  0.811403  0.810847  0.810259  0.809667  0.809106  0.808620  0.808270  0.808131  0.808299  0.808888  0.810033  0.811894  0.814665  0.818577  0.823865  0.830734  0.839351  0.849921  0.862849  0.878916  0.899289  0.925283  0.957793  0.996542  1.039332  1.081648  1.116884  1.137403  1.136326  1.109608  1.057730  0.986305  0.905235  0.826604  0.761961  0.719872  0.704498  0.715491  0.749039  0.799535  0.861210  0.929228  1.000000  
1.000000  0.918754  0.844643  0.784802  0.746004  0.733771  0.751099  0.797214  0.866917  0.950969  1.037608  1.114853  1.172920  1.206007  1.212979  1.196867  1.163536  1.120021  1.073001  1.027716  0.987438  0.953474  0.925621  0.902847  0.883964  0.868063  0.854630  0.843426  0.834298  0.827053  0.821442  0.817202  0.814086  0.811881  0.810404  0.809493  0.809011  0.808844  0.808901  0.809111  0.809417  0.809777  0.810160  0.810541  0.810904  0.811237  0.811528  0.811773  0.811967  0.812107  0.812192  0.812222  0.812199  0.812128  0.812012  0.811862  0.811690  0.811511  0.811351  0.811240  0.811221  0.811350  0.811701  0.812365  0.813458  0.815120  0.817513  0.820827  0.825278  0.831115  0.838609  0.848014  0.859529  0.873315  0.889618  0.908960  0.932258  0.960709  0.995350  1.036392  1.082529  1.130493  1.175040  1.209479  1.226755  1.220969  1.189027  1.131968  1.055441  0.969000  0.884300  0.812660  0.762770  0.739220  0.742237  0.768529  0.812799  0.869318  0.933044  1.000000  
1.000000  0.921248  0.850285  0.794705  0.761403  0.755652  0.779914  0.832796  0.908665  0.998232  1.090106  1.172920  1.237388  1.277739  1.292207  1.282660  1.253664  1.211310  1.162039  1.111605  1.064288  1.022499  0.986889  0.956884  0.931411  0.909499  0.890548  0.874287  0.860582  0.849280  0.840152  0.832917  0.827293  0.823014  0.819841  0.817558  0.815975  0.814927  0.814281  0.813927  0.813779  0.813773  0.813856  0.813994  0.814158  0.814330  0.814495  0.814646  0.814775  0.814879  0.814957  0.815010  0.815040  0.815053  0.815057  0.815066  0.815098  0.815180  0.815347  0.815651  0.816157  0.816950  0.818140  0.819862  0.822280  0.825585  0.829995  0.835751  0.843120  0.852389  0.863840  0.877707  0.894149  0.913305  0.935452  0.961197  0.991521  1.027506  1.069734  1.117566  1.168598  1.218560  1.261703  1.291585  1.302108  1.288682  1.249387  1.185900  1.103845  1.012273  0.922213  0.844597  0.788147  0.757885  0.754674  0.775821  0.816392  0.870697  0.933402  1.000000  
1.000000  0.920123  0.848811  0.794210  0.763391  0.761388  0.790116  0.847575  0.927747  1.021402  1.117683  1.206007  1.277739  1.327208  1.351984  1.352613  1.332082  1.295172  1.247703  1.195622  1.144022  1.096387  1.054320  1.017869  0.986235  0.958487  0.933987  0.912451  0.893795  0.877943  0.864741  0.853948  0.845279  0.838445  0.833163  0.829168  0.826215  0.824087  0.822596  0.821587  0.820932  0.820533  0.820313  0.820214  0.820194  0.820223  0.820280  0.820352  0.820428  0.820506  0.820581  0.820657  0.820738  0.820831  0.820952  0.821120  0.821365  0.821730  0.822270  0.823063  0.824209  0.825832  0.828090  0.831169  0.835287  0.840689  0.847641  0.856424  0.867331  0.880646  0.896611  0.915383  0.937041  0.961671  0.989561  1.021353  1.057986  1.100266  1.148151  1.200047  1.252483  1.300371  1.337777  1.358883  1.358906  1.334842  1.286102  1.215030  1.127151  1.030866  0.936414  0.854187  0.792850  0.757828  0.750648  0.769262  0.809134  0.864592  0.929938  1.000000  
1.000000  0.915760  0.840927  0.784252  0.753006  0.751986  0.782565  0.842163  0.924449  1.020371  1.119756  1.212979  1.292207  1.351984  1.389262  1.403207  1.395044  1.367945  1.326721  1.277121  1.224756  1.174029  1.127511  1.085995  1.049103  1.016060  0.986244  0.959387  0.935472  0.914548  0.896596  0.881483  0.868990  0.858845  0.850759  0.844435  0.839587  0.835946  0.833266  0.831336  0.829976  0.829042  0.828418  0.828016  0.827769  0.827630  0.827565  0.827551  0.827574  0.827624  0.827701  0.827806  0.827948  0.828140  0.828406  0.828779  0.829308  0.830058  0.831118  0.832603  0.834659  0.837463  0.841228  0.846199  0.852645  0.860854  0.871119  0.883732  0.898964  0.917034  0.938074  0.962106  0.989079  1.019012  1.052174  1.089188  1.130833  1.177490  1.228370  1.280908  1.330707  1.372161  1.399530  1.408004  1.394407  1.357495  1.298057  1.219054  1.125790  1.025856  0.928523  0.843498  0.779275  0.741628  0.732742  0.751246  0.793031  0.852449  0.923408  1.000000  
1.000000  0.909461  0.829154  0.768405  0.734650  0.732421  0.762545  0.821891  0.903897  0.999811  1.100301  1.196867  1.282660  1.352613  1.403207  1.432307  1.439341  1.425680  1.394798  1.351835  1.302541  1.251985  1.203617  1.159023  1.118359  1.081101  1.046701  1.014911  0.985786  0.959523  0.936291  0.916143  0.898997  0.884673  0.872927  0.863474  0.856014  0.850238  0.845852  0.842583  0.840193  0.838479  0.837272  0.836441  0.835882  0.835519  0.835297  0.835177  0.835135  0.835158  0.835241  0.835388  0.835613  0.835942  0.836411  0.837077  0.838016  0.839330  0.841154  0.843654  0.847034  0.851533  0.857423  0.865000  0.874570  0.886436  0.900881  0.918151  0.938425  0.961783  0.988174  1.017429  1.049349  1.083880  1.121269  1.162064  1.206790  1.255291  1.305981  1.355413  1.398519  1.429551  1.443370  1.436496  1.407549  1.357074  1.287148  1.201193  1.104107  1.002480  0.904441  0.818843  0.753888  0.715623  0.706871  0.726962  0.772262  0.837201  0.915323  1.000000  
1.000000  0.902894  0.816735  0.751323  0.714165  0.709457  0.737450  0.794487  0.873844  0.967183  1.066150  1.163536  1.253664  1.332082  1.395044  1.439341  1.462733  1.464752  1.447311  1.414577  1.372026  1.325062  1.277827  1.232663  1.190314  1.150579  1.113007  1.077356  1.043717  1.012419  0.983841  0.958273  0.935857  0.916583  0.900327  0.886881  0.875976  0.867307  0.860550  0.855384  0.851509  0.848658  0.846599  0.845141  0.844130  0.843449  0.843008  0.842747  0.842623  0.842614  0.842712  0.842924  0.843275  0.843805  0.844576  0.845677  0.847226  0.849378  0.852322  0.856292  0.861554  0.868410  0.877180  0.888188  0.901740  0.918106  0.937493  0.960026  0.985713  1.014416  1.045843  1.079614  1.115402  1.153114  1.192993  1.235488  1.280800  1.328186  1.375300  1.418001  1.450884  1.468468  1.466584  1.443307  1.399085  1.336118  1.257547  1.166997  1.068728  0.968132  0.872018  0.788243  0.724594  0.687319  0.679857  0.702271  0.751477  0.822074  0.907337  1.000000  
1.000000  0.897461  0.806425  0.737012  0.696668  0.689160  0.714114  0.767350  0.842031  0.930310  1.024907  1.120021  1.211310  1.295172  1.367945  1.425680  1.464752  1.482990  1.480665  1.460697  1.427912  1.387682  1.344588  1.301617  1.260101  1.220191  1.181540  1.143865  1.107216  1.071976  1.038702  1.007938  0.980098  0.955424  0.933998  0.915769  0.900575  0.888172  0.878254  0.870486  0.864523  0.860038  0.856732  0.854345  0.852661  0.851503  0.850739  0.850269  0.850028  0.849978  0.850106  0.850425  0.850973  0.851816  0.853053  0.854817  0.857284  0.860670  0.865237  0.871283  0.879136  0.889139  0.901630  0.916914  0.935236  0.956757  0.981530  1.009473  1.040344  1.073730  1.109086  1.145857  1.183660  1.222444  1.262494  1.304156  1.347278  1.390530  1.430921  1.463870  1.484002  1.486487  1.468397  1.429444  1.371773  1.298958  1.214863  1.123008  1.026777  0.930192  0.838625  0.758832  0.698106  0.662839  0.657085  0.681680  0.734180  0.809467  0.900669  1.000000  
1.000000  0.893897  0.799689  0.727661  0.685072  0.675161  0.696882  0.745520  0.814143  0.895416  0.983155  1.073001  1.162039  1.247703  1.326721  1.394798  1.447311  1.480665  1.493568  1.487555  1.466504  1.435414  1.399027  1.360828  1.322692  1.285137  1.247919  1.210653  1.173233  1.135968  1.099484  1.064527  1.031787  1.001805  0.974942  0.951388  0.931179  0.914214  0.900278  0.889077  0.880269  0.873489  0.868383  0.864624  0.861921  0.860032  0.858763  0.857967  0.857544  0.857433  0.857616  0.858111  0.858979  0.860320  0.862281  0.865057  0.868890  0.874070  0.880924  0.889808  0.901085  0.915098  0.932143  0.952433  0.976069  1.003016  1.033085  1.065914  1.100965  1.137545  1.174910  1.212436  1.249813  1.287148  1.324826  1.363092  1.401429  1.437960  1.469202  1.490411  1.496586  1.483845  1.450643  1.398254  1.330240  1.251165  1.165224  1.075531  0.984406  0.894415  0.809454  0.735158  0.678307  0.645424  0.641183  0.667246  0.721887  0.800377  0.895812  1.000000  
1.000000  0.892220  0.796596  0.723467  0.679802  0.668253  0.687064  0.730981  0.792960  0.866148  0.945394  1.027716  1.111605  1.195622  1.277121  1.351835  1.414577  1.460697  1.487555  1.495301  1.486682  1.466054  1.438066  1.406538  1.373842  1.340888  1.307552  1.273310  1.237785  1.201042  1.163605  1.126283  1.089973  1.055497  1.023530  0.994569  0.968927  0.946741  0.927979  0.912473  0.899948  0.890061  0.882435  0.876692  0.872475  0.869471  0.867417  0.866105  0.865390  0.865184  0.865457  0.866240  0.867619  0.869742  0.872814  0.877099  0.882912  0.890607  0.900565  0.913160  0.928737  0.947572  0.969833  0.995549  1.024586  1.056631  1.091186  1.127578  1.164983  1.202507  1.239338  1.274956  1.309294  1.342730  1.375789  1.408595  1.440241  1.468353  1.489111  1.497867  1.490264  1.463549  1.417562  1.354925  1.280250  1.198660  1.114312  1.029675  0.945920  0.864179  0.786946  0.718805  0.666060  0.635386  0.632096  0.658709  0.714276  0.794531  0.892613  1.000000  
1.000000  0.891988  0.796315  0.723297  0.679572  0.667181  0.683663  0.723225  0.778700  0.843643  0.913811  0.987438  1.064288  1.144022  1.224756  1.302541  1.372026  1.427912  1.466504  1.486682  1.490000  1.479980  1.460970  1.436983  1.410859  1.383950  1.356332  1.327365  1.296331  1.262890  1.227252  1.190085  1.152330  1.114994  1.079028  1.045247  1.014293  0.986615  0.962459  0.941882  0.924772  0.910885  0.899885  0.891390  0.885005  0.880355  0.877110  0.875001  0.873828  0.873472  0.873892  0.875127  0.877300  0.880609  0.885323  0.891773  0.900333  0.911398  0.925352  0.942530  0.963175  0.987399  1.015148  1.046173  1.080026  1.116066  1.153477  1.191310  1.228555  1.264274  1.297797  1.328917  1.357971  1.385680  1.412682  1.438903  1.462992  1.482108  1.492238  1.489035  1.468975  1.430498  1.374715  1.305298  1.227509  1.146626  1.066476  0.988753  0.913510  0.840581  0.771222  0.709104  0.660133  0.631167  0.628163  0.654506  0.710038  0.790990  0.890584  1.000000  
1.000000  0.892662  0.797797  0.725668  0.682570  0.669954  0.684693  0.720494  0.770061  0.827288  0.888680  0.953474  1.022499  1.096387  1.174029  1.251985  1.325062  1.387682  1.435414  1.466054  1.479980  1.479768  1.469298  1.452652  1.433115  1.412575  1.391454  1.369122  1.344545  1.316885  1.285841  1.251707  1.215232  1.177428  1.139394  1.102196  1.066792  1.033973  1.004332  0.978239  0.955849  0.937121  0.921855  0.909737  0.900391  0.893421  0.888451  0.885159  0.883299  0.882715  0.883358  0.885278  0.888629  0.893659  0.900689  0.910096  0.922274  0.937603  0.956393  0.978846  1.005003  1.034710  1.067595  1.103067  1.140334  1.178438  1.216314  1.252863  1.287072  1.318193  1.345932  1.370590  1.393006  1.414212  1.434840  1.454467  1.471207  1.481773  1.482084  1.468259  1.437718  1.390080  1.327534  1.254490  1.176479  1.098617  1.024212  0.954167  0.887543  0.823089  0.761044  0.704323  0.658524  0.630701  0.627433  0.652933  0.707824  0.788825  0.889250  1.000000  
1.000000  0.893863  0.800293  0.729475  0.687375  0.674899  0.688327  0.720934  0.765323  0.815675  0.869100  0.925621  0.986889  1.054320  1.127511  1.203617  1.277827  1.344588  1.399027  1.438066  1.460970  1.469298  1.466314  1.456033  1.442151  1.427189  1.412121  1.396552  1.379293  1.359039  1.334872  1.306501  1.274235  1.238843  1.201365  1.162964  1.124811  1.088000  1.053474  1.021974  0.994009  0.969846  0.949529  0.932923  0.919758  0.909686  0.902341  0.897382  0.894535  0.893624  0.894590  0.897493  0.902509  0.909910  0.920038  0.933261  0.949924  0.970299  0.994521  1.022545  1.054105  1.088692  1.125566  1.163782  1.202248  1.239793  1.275253  1.307587  1.336030  1.360270  1.380600  1.397935  1.413584  1.428734  1.443780  1.457749  1.468119  1.471194  1.462960  1.440149  1.401200  1.346840  1.280135  1.205929  1.129724  1.056247  0.988198  0.925755  0.867178  0.810372  0.754775  0.702702  0.659497  0.632391  0.628526  0.652881  0.706806  0.787490  0.888342  1.000000  
1.000000  0.895435  0.803479  0.734212  0.693277  0.681093  0.693435  0.723241  0.763070  0.807374  0.853761  0.902847  0.956884  1.017869  1.085995  1.159023  1.232663  1.301617  1.360828  1.406538  1.436983  1.452652  1.456033  1.450898  1.441255  1.430312  1.419801  1.409864  1.399445  1.386956  1.370905  1.350309  1.324836  1.294758  1.260805  1.224008  1.185570  1.146750  1.108770  1.072724  1.039511  1.009787  0.983952  0.962163  0.944378  0.930407  0.919976  0.912796  0.908613  0.907256  0.908666  0.912902  0.920135  0.930619  0.944645  0.962484  0.984327  1.010217  1.039997  1.073265  1.109368  1.147406  1.186285  1.224782  1.261640  1.295655  1.325797  1.351335  1.371997  1.388116  1.400676  1.411167  1.421180  1.431767  1.442790  1.452515  1.457735  1.454440  1.438860  1.408502  1.362876  1.303736  1.234824  1.161166  1.088003  1.019531  0.957831  0.902469  0.851101  0.801013  0.751036  0.702993  0.661995  0.635401  0.630825  0.653925  0.706718  0.786838  0.887798  1.000000  
1.000000  0.897362  0.807309  0.739772  0.700078  0.688209  0.699529  0.726739  0.762430  0.801337  0.841493  0.883964  0.931411  0.986235  1.049103  1.118359  1.190314  1.260101  1.322692  1.373842  1.410859  1.433115  1.442151  1.441255  1.434551  1.425879  1.417867  1.411486  1.406185  1.400426  1.392351  1.380342  1.363336  1.340927  1.313296  1.281092  1.245303  1.207144  1.167949  1.129059  1.091721  1.056999  1.025720  0.998447  0.975492  0.956954  0.942780  0.932831  0.926952  0.925023  0.927002  0.932933  0.942932  0.957158  0.975747  0.998754  1.026078  1.057410  1.092184  1.129576  1.168520  1.207770  1.245984  1.281830  1.314092  1.341782  1.364250  1.381317  1.393389  1.401528  1.407352  1.412721  1.419172  1.427256  1.436001  1.442782  1.443757  1.434802  1.412628  1.375693  1.324619  1.262089  1.192331  1.120336  1.050911  0.987639  0.932006  0.883087  0.838111  0.793938  0.748938  0.704516  0.665545  0.639440  0.634187  0.656029  0.707584  0.786913  0.887646  1.000000  
1.000000  0.899652  0.811791  0.746155  0.707747  0.696164  0.706442  0.731145  0.762972  0.796961  0.831524  0.868063  0.909499  0.958487  1.016060  1.081101  1.150579  1.220191  1.285137  1.340888  1.383950  1.412575  1.427189  1.430312  1.425879  1.418163  1.410672  1.405416  1.402708  1.401473  1.399844  1.395796  1.387615  1.374161  1.354913  1.329923  1.299724  1.265233  1.227660  1.188397  1.148901  1.110580  1.074689  1.042260  1.014070  0.990645  0.972293  0.959159  0.951288  0.948682  0.951336  0.959256  0.972438  0.990840  1.014314  1.042553  1.075032  1.110973  1.149345  1.188891  1.228207  1.265832  1.300376  1.330630  1.355674  1.374978  1.388490  1.396728  1.400836  1.402525  1.403822  1.406594  1.411916  1.419474  1.427259  1.431763  1.428713  1.414174  1.385625  1.342637  1.286954  1.222058  1.152458  1.082918  1.017670  0.959633  0.909739  0.866680  0.827413  0.788518  0.748022  0.706966  0.669963  0.644415  0.638583  0.659200  0.709432  0.787743  0.887905  1.000000  
1.000000  0.902272  0.816864  0.753277  0.716189  0.704852  0.714054  0.736309  0.764488  0.793951  0.823450  0.854630  0.890548  0.933987  0.986244  1.046701  1.113007  1.181540  1.247919  1.307552  1.356332  1.391454  1.412121  1.419801  1.417867  1.410672  1.402418  1.396183  1.393398  1.393846  1.396084  1.398045  1.397612  1.393013  1.383015  1.366962  1.344749  1.316768  1.283850  1.247187  1.208226  1.168554  1.129761  1.093337  1.060575  1.032533  1.010013  0.993580  0.983598  0.980265  0.983644  0.993673  1.010152  1.032720  1.060809  1.093618  1.130090  1.168930  1.208652  1.247661  1.284374  1.317342  1.345374  1.367639  1.383745  1.393796  1.398449  1.398938  1.397034  1.394854  1.394465  1.397311  1.403609  1.411926  1.419186  1.421188  1.413576  1.392980  1.357928  1.309215  1.249642  1.183301  1.114764  1.048370  0.987667  0.934880  0.890434  0.852737  0.818601  0.784453  0.748072  0.710177  0.675113  0.650203  0.643895  0.663335  0.712174  0.789266  0.888544  1.000000  
1.000000  0.905153  0.822400  0.760968  0.725213  0.714084  0.722190  0.742070  0.766823  0.792141  0.817074  0.843426  0.874287  0.912451  0.959387  1.014911  1.077356  1.143865  1.210653  1.273310  1.327365  1.369122  1.396552  1.409864  1.411486  1.405416  1.396183  1.387761  1.382761  1.382110  1.385191  1.390323  1.395348  1.398123  1.396839  1.390165  1.377299  1.357967  1.332416  1.301389  1.266065  1.227968  1.188841  1.150511  1.114752  1.083182  1.057178  1.037830  1.025919  1.021911  1.025963  1.037919  1.057312  1.083361  1.114976  1.150780  1.189157  1.228330  1.266474  1.301845  1.332920  1.358518  1.377899  1.390815  1.397539  1.398875  1.396151  1.391180  1.386102  1.383077  1.383785  1.388842  1.397324  1.406618  1.412750  1.411192  1.397945  1.370582  1.328891  1.274898  1.212293  1.145534  1.079005  1.016447  0.960635  0.913104  0.873827  0.841027  0.811486  0.781585  0.748942  0.713998  0.680823  0.656611  0.649925  0.668244  0.715651  0.791366  0.889500  1.000000  
1.000000  0.908221  0.828261  0.769044  0.734608  0.723642  0.730643  0.748242  0.769807  0.791368  0.812233  0.834298  0.860582  0.893795  0.935472  0.985786  1.043717  1.107216  1.173233  1.237785  1.296331  1.344545  1.379293  1.399445  1.406185  1.402708  1.393398  1.382761  1.374449  1.370614  1.371754  1.376968  1.384460  1.392066  1.397668  1.399436  1.395952  1.386272  1.369966  1.347153  1.318513  1.285245  1.248992  1.211705  1.175488  1.142437  1.114486  1.093272  1.080037  1.075552  1.080080  1.093358  1.114615  1.142610  1.175704  1.211965  1.249296  1.285594  1.318906  1.347592  1.370450  1.386803  1.396530  1.400062  1.398342  1.392789  1.385233  1.377792  1.372630  1.371543  1.375432  1.383800  1.394493  1.403862  1.407398  1.400720  1.380630  1.345945  1.297793  1.239304  1.174798  1.108800  1.045267  0.987198  0.936555  0.894215  0.859784  0.831400  0.805912  0.779760  0.750472  0.718255  0.686901  0.663436  0.656468  0.673738  0.719704  0.793931  0.890716  1.000000  
1.000000  0.911420  0.834340  0.777357  0.744203  0.733347  0.739233  0.754643  0.773255  0.791439  0.808731  0.827053  0.849280  0.877943  0.914548  0.959523  1.012419  1.071976  1.135968  1.201042  1.262890  1.316885  1.359039  1.386956  1.400426  1.401473  1.393846  1.382110  1.370614  1.362624  1.359855  1.362459  1.369362  1.378750  1.388524  1.396629  1.401244  1.400887  1.394508  1.381561  1.362088  1.336754  1.306837  1.274135  1.240829  1.209281  1.181823  1.160540  1.147076  1.142481  1.147118  1.160623  1.181948  1.209448  1.241038  1.274387  1.307131  1.337091  1.362468  1.381985  1.394976  1.401400  1.401802  1.397233  1.389174  1.379447  1.370108  1.363254  1.360699  1.363519  1.371562  1.383111  1.394901  1.402584  1.401594  1.388182  1.360324  1.318230  1.264294  1.202498  1.137463  1.073482  1.013875  0.960816  0.915472  0.878138  0.848149  0.823659  0.801682  0.778789  0.752485  0.722776  0.693178  0.670511  0.663364  0.679672  0.724217  0.796879  0.892149  1.000000  
1.000000  0.914706  0.840556  0.785801  0.753876  0.743067  0.747821  0.761126  0.777000  0.792156  0.806335  0.821442  0.840152  0.864741  0.896596  0.936291  0.983841  1.038702  1.099484  1.163605  1.227252  1.285841  1.334872  1.370905  1.392351  1.399844  1.396084  1.385191  1.371754  1.359855  1.352341  1.350528  1.354312  1.362541  1.373465  1.385110  1.395529  1.402952  1.405892  1.403253  1.394450  1.379514  1.359152  1.334733  1.308189  1.281820  1.258058  1.239181  1.227049  1.222877  1.227089  1.239262  1.258179  1.281982  1.308391  1.334977  1.359436  1.379840  1.394819  1.403664  1.406345  1.403448  1.396069  1.385695  1.374095  1.363216  1.355033  1.351297  1.353157  1.360721  1.372670  1.386157  1.397103  1.400917  1.393479  1.372088  1.336112  1.287137  1.228602  1.165003  1.100916  1.040134  0.985209  0.937472  0.897365  0.864713  0.838690  0.817557  0.798563  0.778473  0.754814  0.727421  0.699525  0.677711  0.670495  0.685940  0.729100  0.800145  0.893765  1.000000  
1.000000  0.918041  0.846839  0.794286  0.763526  0.752701  0.756309  0.767583  0.780907  0.793345  0.804823  0.817202  0.832917  0.853948  0.881483  0.916143  0.958273  1.007938  1.064527  1.126283  1.190085  1.251707  1.306501  1.350309  1.380342  1.395796  1.398045  1.390323  1.376968  1.362459  1.350528  1.343600  1.342651  1.347409  1.356734  1.369011  1.382454  1.395285  1.405860  1.412766  1.414952  1.411857  1.403537  1.390713  1.374738  1.357460  1.340987  1.327404  1.318473  1.315371  1.318512  1.327482  1.341104  1.357617  1.374935  1.390949  1.403813  1.412174  1.415309  1.413165  1.406299  1.395766  1.382977  1.369578  1.357344  1.348064  1.343351  1.344345  1.351319  1.363298  1.377855  1.391259  1.399032  1.396834  1.381432  1.351453  1.307699  1.252959  1.191389  1.127631  1.065902  1.009304  0.959560  0.917215  0.882102  0.853700  0.831129  0.812828  0.796334  0.778642  0.757332  0.732082  0.705846  0.684940  0.677761  0.692445  0.734268  0.803666  0.895532  1.000000  
1.000000  0.921388  0.853123  0.802724  0.773063  0.762164  0.764614  0.773929  0.784877  0.794868  0.804004  0.814086  0.827293  0.845279  0.868990  0.898997  0.935857  0.980098  1.031787  1.089973  1.152330  1.215232  1.274235  1.324836  1.363336  1.387615  1.397612  1.395348  1.384460  1.369362  1.354312  1.342651  1.336415  1.336314  1.341996  1.352422  1.366196  1.381795  1.397698  1.412469  1.424848  1.433866  1.438975  1.440144  1.437890  1.433214  1.427444  1.422006  1.418167  1.416796  1.418205  1.422082  1.427558  1.433367  1.438081  1.440374  1.439244  1.434174  1.425195  1.412856  1.398125  1.382263  1.366705  1.352972  1.342589  1.336949  1.337094  1.343375  1.355080  1.370176  1.385321  1.396256  1.398569  1.388622  1.364394  1.325945  1.275397  1.216445  1.153591  1.091274  1.033110  0.981402  0.937067  0.899968  0.869465  0.844819  0.825184  0.809231  0.794808  0.779163  0.759942  0.736685  0.712065  0.692114  0.685069  0.699091  0.739634  0.807376  0.897414  1.000000  
1.000000  0.924710  0.859340  0.811034  0.782400  0.771376  0.772669  0.780101  0.788834  0.796619  0.803724  0.811881  0.823014  0.838445  0.858845  0.884673  0.916583  0.955424  1.001805  1.055497  1.114994  1.177428  1.238843  1.294758  1.340927  1.374161  1.393013  1.398123  1.392066  1.378750  1.362541  1.347409  1.336314  1.330955  1.331872  1.338741  1.350721  1.366729  1.385593  1.406115  1.427105  1.447434  1.466107  1.482364  1.495742  1.506104  1.513596  1.518543  1.521323  1.522226  1.521360  1.518618  1.513707  1.506253  1.495928  1.482588  1.466369  1.447733  1.427443  1.406492  1.386009  1.367185  1.351216  1.339277  1.332449  1.331574  1.336974  1.348113  1.363288  1.379541  1.392904  1.399007  1.393944  1.375140  1.341955  1.295836  1.239971  1.178605  1.116216  1.056755  1.003079  0.956671  0.917721  0.885547  0.859181  0.837777  0.820591  0.806554  0.793835  0.779934  0.762576  0.741172  0.718121  0.699159  0.692333  0.705787  0.745115  0.811210  0.899375  1.000000  
1.000000  0.927975  0.865433  0.819143  0.791465  0.780271  0.780417  0.786045  0.792715  0.798510  0.803852  0.810404  0.819841  0.833163  0.850759  0.872927  0.900327  0.933998  0.974942  1.023530  1.079028  1.139394  1.201365  1.260805  1.313296  1.354913  1.383015  1.396839  1.397668  1.388524  1.373465  1.356734  1.341996  1.331872  1.327827  1.330343  1.339243  1.353991  1.373890  1.398144  1.425840  1.455910  1.487113  1.518072  1.547347  1.573535  1.595361  1.611758  1.621932  1.625391  1.621969  1.611831  1.595469  1.573680  1.547529  1.518290  1.487368  1.456203  1.426170  1.398511  1.374296  1.354436  1.339726  1.330866  1.328390  1.332476  1.342640  1.357420  1.374194  1.389296  1.398484  1.397700  1.383922  1.355866  1.314297  1.261854  1.202462  1.140538  1.080215  1.024750  0.976172  0.935193  0.901397  0.873708  0.850959  0.832293  0.817111  0.804616  0.793287  0.780871  0.765177  0.745497  0.723964  0.706012  0.699477  0.712451  0.750633  0.815109  0.901382  1.000000  
1.000000  0.931153  0.871350  0.826988  0.800194  0.788795  0.787814  0.791722  0.796472  0.800469  0.804277  0.809493  0.817558  0.829168  0.844435  0.863474  0.886881  0.915769  0.951388  0.994569  1.045247  1.102196  1.162964  1.224008  1.281092  1.329923  1.366962  1.390165  1.399436  1.396629  1.385110  1.369011  1.352422  1.338741  1.330343  1.328580  1.334010  1.346699  1.366457  1.392929  1.425548  1.463420  1.505206  1.549071  1.592721  1.633557  1.668890  1.696222  1.713518  1.719449  1.713553  1.696293  1.668997  1.633699  1.592899  1.549284  1.505456  1.463706  1.425870  1.393289  1.366854  1.347133  1.334482  1.329091  1.330893  1.339330  1.353052  1.369682  1.385822  1.397383  1.400233  1.391006  1.367847  1.330853  1.282068  1.225031  1.164033  1.103311  1.046402  0.995754  0.952579  0.916915  0.887887  0.864167  0.844506  0.828101  0.814530  0.803256  0.793056  0.781908  0.767702  0.749626  0.729554  0.712622  0.706437  0.719013  0.756121  0.819021  0.903407  1.000000  
1.000000  0.934220  0.877048  0.834518  0.808535  0.796904  0.794824  0.797100  0.800067  0.802437  0.804908  0.809011  0.815975  0.826215  0.839587  0.856014  0.875976  0.900575  0.931179  0.968927  1.014293  1.066792  1.124811  1.185570  1.245303  1.299724  1.344749  1.377299  1.395952  1.401244  1.395529  1.382454  1.366196  1.350721  1.339243  1.334010  1.336376  1.347044  1.366302  1.394159  1.430317  1.474019  1.523869  1.577698  1.632572  1.684949  1.731008  1.767072  1.790078  1.797996  1.790113  1.767141  1.731112  1.685088  1.632746  1.577908  1.524113  1.474299  1.430633  1.394511  1.366690  1.347469  1.336839  1.334510  1.339781  1.351298  1.366812  1.383110  1.396226  1.401981  1.396732  1.378121  1.345614  1.300633  1.246257  1.186570  1.125856  1.067881  1.015420  0.970081  0.932333  0.901676  0.876924  0.856623  0.839535  0.824959  0.812657  0.802340  0.793053  0.782989  0.770119  0.753531  0.734860  0.718945  0.713156  0.725408  0.761517  0.822894  0.905423  1.000000  
1.000000  0.937154  0.882487  0.841683  0.816443  0.804560  0.801420  0.802157  0.803473  0.804370  0.805669  0.808844  0.814927  0.824087  0.835946  0.850238  0.867307  0.888172  0.914214  0.946741  0.986615  1.033973  1.088000  1.146750  1.207144  1.265233  1.316768  1.357967  1.386272  1.400887  1.402952  1.395285  1.381795  1.366729  1.353991  1.346699  1.347044  1.356384  1.375443  1.404459  1.443212  1.490913  1.546024  1.606115  1.667846  1.727136  1.779530  1.820704  1.847034  1.856105  1.847068  1.820772  1.779632  1.727273  1.668017  1.606321  1.546264  1.491187  1.443522  1.404805  1.375824  1.356802  1.347497  1.347190  1.354519  1.367295  1.382399  1.395928  1.403634  1.401610  1.387036  1.358773  1.317616  1.266124  1.208079  1.147729  1.089023  1.035038  0.987716  0.947865  0.915333  0.889231  0.868199  0.850768  0.835775  0.822650  0.811332  0.801756  0.793208  0.784076  0.772405  0.757197  0.739859  0.724945  0.719586  0.731578  0.766764  0.826683  0.907403  1.000000  
1.000000  0.939933  0.887632  0.848443  0.823879  0.811734  0.807580  0.806875  0.806670  0.806235  0.806506  0.808901  0.814281  0.822596  0.833266  0.845852  0.860550  0.878254  0.900278  0.927979  0.962459  1.004332  1.053474  1.108770  1.167949  1.227660  1.283850  1.332416  1.369966  1.394508  1.405892  1.405860  1.397698  1.385593  1.373890  1.366457  1.366302  1.375443  1.394990  1.425272  1.465930  1.515909  1.573379  1.635664  1.699254  1.759994  1.813424  1.855267  1.881964  1.891149  1.881997  1.855334  1.813524  1.760128  1.699422  1.635865  1.573615  1.516179  1.466234  1.425611  1.395365  1.375853  1.366747  1.366940  1.374409  1.386149  1.398292  1.406491  1.406562  1.395217  1.370716  1.333207  1.284682  1.228534  1.168867  1.109730  1.054477  1.005375  0.963537  0.929077  0.901367  0.879275  0.861390  0.846307  0.832982  0.820987  0.810421  0.801416  0.793468  0.785139  0.774545  0.760611  0.744532  0.730592  0.725682  0.737471  0.771808  0.830347  0.909324  1.000000  
